2017-02-26T23:07:30.969677,Wrsktp gifted Htgtsx a gift of type gift_utility worth 9
2017-02-26T23:07:30.969872,Wrsktp gifted Htgtsx a gift of type gift_essential worth 10
2017-02-26T23:07:30.969960,Wrsktp gifted Htgtsx a gift of type gift_luxury worth 12
2017-02-26T23:07:30.970032,Wrsktp gifted Htgtsx a gift of type gift_utility worth 13
2017-02-26T23:07:30.970102,Wrsktp gifted Htgtsx a gift of type gift_essential worth 13
2017-02-26T23:07:30.970173,*****************
2017-02-26T23:07:30.970600,Jcdhdz gifted Vheejo a gift of type gift_essential worth 17
2017-02-26T23:07:30.970678,Jcdhdz gifted Vheejo a gift of type gift_utility worth 14
2017-02-26T23:07:30.970748,*****************
2017-02-26T23:07:30.971106,Jcnuyv gifted Ptotzy a gift of type gift_utility worth 9
2017-02-26T23:07:30.971181,*****************
2017-02-26T23:07:30.971659,Eyuhxm gifted Iquisl a gift of type gift_utility worth 9
2017-02-26T23:07:30.971790,Eyuhxm gifted Iquisl a gift of type gift_essential worth 10
2017-02-26T23:07:30.971906,Eyuhxm gifted Iquisl a gift of type gift_luxury worth 12
2017-02-26T23:07:30.972017,Eyuhxm gifted Iquisl a gift of type gift_utility worth 13
2017-02-26T23:07:30.972130,*****************
2017-02-26T23:07:30.972746,Vwgvfh gifted Zrbzou a gift of type gift_utility worth 9
2017-02-26T23:07:30.972875,Vwgvfh gifted Zrbzou a gift of type gift_essential worth 10
2017-02-26T23:07:30.972988,Vwgvfh gifted Zrbzou a gift of type gift_luxury worth 12
2017-02-26T23:07:30.973097,*****************
2017-02-26T23:07:30.973667,Cuxtiz gifted Ykurte a gift of type gift_utility worth 9
2017-02-26T23:07:30.973791,*****************
2017-02-26T23:07:30.974370,Lnxmsp gifted Ytjffy a gift of type gift_utility worth 9
2017-02-26T23:07:30.974486,Lnxmsp gifted Ytjffy a gift of type gift_essential worth 10
2017-02-26T23:07:30.974600,Lnxmsp gifted Ytjffy a gift of type gift_luxury worth 12
2017-02-26T23:07:30.974712,Lnxmsp gifted Ytjffy a gift of type gift_utility worth 13
2017-02-26T23:07:30.974822,Lnxmsp gifted Ytjffy a gift of type gift_essential worth 13
2017-02-26T23:07:30.974930,*****************
2017-02-26T23:07:30.975567,*****************
2017-02-26T23:07:30.976172,*****************
2017-02-26T23:07:30.976783,*****************
2017-02-26T23:09:27.373358,Wrsktp gifted Htgtsx a gift of type gift_utility worth 9
2017-02-26T23:09:27.373497,Wrsktp gifted Htgtsx a gift of type gift_essential worth 10
2017-02-26T23:09:27.373582,Wrsktp gifted Htgtsx a gift of type gift_luxury worth 12
2017-02-26T23:09:27.373654,Wrsktp gifted Htgtsx a gift of type gift_utility worth 13
2017-02-26T23:09:27.373726,Wrsktp gifted Htgtsx a gift of type gift_essential worth 13
2017-02-26T23:09:27.373797,*****************
2017-02-26T23:09:27.374183,Jcdhdz gifted Vheejo a gift of type gift_essential worth 17
2017-02-26T23:09:27.374257,Jcdhdz gifted Vheejo a gift of type gift_utility worth 14
2017-02-26T23:09:27.374326,*****************
2017-02-26T23:09:27.374686,Jcnuyv gifted Ptotzy a gift of type gift_utility worth 9
2017-02-26T23:09:27.374763,*****************
2017-02-26T23:09:27.375124,Eyuhxm gifted Iquisl a gift of type gift_utility worth 9
2017-02-26T23:09:27.375199,Eyuhxm gifted Iquisl a gift of type gift_essential worth 10
2017-02-26T23:09:27.375270,Eyuhxm gifted Iquisl a gift of type gift_luxury worth 12
2017-02-26T23:09:27.375341,Eyuhxm gifted Iquisl a gift of type gift_utility worth 13
2017-02-26T23:09:27.375411,*****************
2017-02-26T23:09:27.375822,Vwgvfh gifted Zrbzou a gift of type gift_utility worth 9
2017-02-26T23:09:27.375895,Vwgvfh gifted Zrbzou a gift of type gift_essential worth 10
2017-02-26T23:09:27.375968,Vwgvfh gifted Zrbzou a gift of type gift_luxury worth 12
2017-02-26T23:09:27.376035,*****************
2017-02-26T23:09:27.376389,Cuxtiz gifted Ykurte a gift of type gift_utility worth 9
2017-02-26T23:09:27.376464,*****************
2017-02-26T23:09:27.376827,Lnxmsp gifted Ytjffy a gift of type gift_utility worth 9
2017-02-26T23:09:27.376902,Lnxmsp gifted Ytjffy a gift of type gift_essential worth 10
2017-02-26T23:09:27.377002,Lnxmsp gifted Ytjffy a gift of type gift_luxury worth 12
2017-02-26T23:09:27.377075,Lnxmsp gifted Ytjffy a gift of type gift_utility worth 13
2017-02-26T23:09:27.377146,Lnxmsp gifted Ytjffy a gift of type gift_essential worth 13
2017-02-26T23:09:27.377216,*****************
2017-02-26T23:09:27.377582,*****************
2017-02-26T23:09:27.377950,*****************
2017-02-26T23:09:27.378301,*****************
2017-02-26T23:09:27.378637,Zxthaw gifted Hqfsnc a gift of type gift_utility worth 9
2017-02-26T23:09:27.378710,*****************
2017-02-26T23:09:27.379081,Xvpikn gifted Hniimy a gift of type gift_utility worth 9
2017-02-26T23:09:27.379155,Xvpikn gifted Hniimy a gift of type gift_essential worth 10
2017-02-26T23:09:27.379222,*****************
2017-02-26T23:09:27.379593,Jxyotf gifted Elnjbm a gift of type gift_luxury worth 40
2017-02-26T23:09:27.379668,Jxyotf gifted Elnjbm a gift of type gift_essential worth 17
2017-02-26T23:09:27.379740,Jxyotf gifted Elnjbm a gift of type gift_utility worth 14
2017-02-26T23:09:27.379809,Jxyotf gifted Elnjbm a gift of type gift_essential worth 14
2017-02-26T23:09:27.379879,*****************
2017-02-26T23:09:27.380467,Hpchza gifted Vlqwhz a gift of type gift_utility worth 9
2017-02-26T23:09:27.380543,Hpchza gifted Vlqwhz a gift of type gift_essential worth 10
2017-02-26T23:09:27.380616,Hpchza gifted Vlqwhz a gift of type gift_luxury worth 12
2017-02-26T23:09:27.380688,Hpchza gifted Vlqwhz a gift of type gift_utility worth 13
2017-02-26T23:09:27.380753,*****************
2017-02-26T23:09:27.381089,Rpfnqd gifted Ngiwac a gift of type gift_luxury worth 40
2017-02-26T23:09:27.381162,Rpfnqd gifted Ngiwac a gift of type gift_essential worth 17
2017-02-26T23:09:27.381232,*****************
2017-02-26T23:09:27.381811,Pmipfh gifted Ymspqn a gift of type gift_luxury worth 40
2017-02-26T23:09:27.381887,Pmipfh gifted Ymspqn a gift of type gift_essential worth 17
2017-02-26T23:09:27.381958,Pmipfh gifted Ymspqn a gift of type gift_utility worth 14
2017-02-26T23:09:27.382028,Pmipfh gifted Ymspqn a gift of type gift_essential worth 14
2017-02-26T23:09:27.382098,Pmipfh gifted Ymspqn a gift of type gift_luxury worth 14
2017-02-26T23:09:27.382165,*****************
2017-02-26T23:09:27.382540,Wzbkxr gifted Xoeyml a gift of type gift_utility worth 9
2017-02-26T23:09:27.382613,Wzbkxr gifted Xoeyml a gift of type gift_essential worth 10
2017-02-26T23:09:27.382685,Wzbkxr gifted Xoeyml a gift of type gift_luxury worth 12
2017-02-26T23:09:27.382750,*****************
2017-02-26T23:09:27.383106,Qjashv gifted Ysyusu a gift of type gift_utility worth 9
2017-02-26T23:09:27.383179,Qjashv gifted Ysyusu a gift of type gift_essential worth 10
2017-02-26T23:09:27.383252,*****************
2017-02-26T23:09:56.103374,Wrsktp gifted Htgtsx a gift of type gift_utility worth 9
2017-02-26T23:09:56.103575,Wrsktp gifted Htgtsx a gift of type gift_essential worth 10
2017-02-26T23:09:56.103663,Wrsktp gifted Htgtsx a gift of type gift_luxury worth 12
2017-02-26T23:09:56.103736,Wrsktp gifted Htgtsx a gift of type gift_utility worth 13
2017-02-26T23:09:56.103807,Wrsktp gifted Htgtsx a gift of type gift_essential worth 13
2017-02-26T23:09:56.103877,*****************
2017-02-26T23:09:56.104263,Jcdhdz gifted Vheejo a gift of type gift_essential worth 17
2017-02-26T23:09:56.104337,Jcdhdz gifted Vheejo a gift of type gift_utility worth 14
2017-02-26T23:09:56.104408,*****************
2017-02-26T23:09:56.104771,Jcnuyv gifted Ptotzy a gift of type gift_utility worth 9
2017-02-26T23:09:56.104847,*****************
2017-02-26T23:09:56.105209,Eyuhxm gifted Iquisl a gift of type gift_utility worth 9
2017-02-26T23:09:56.105283,Eyuhxm gifted Iquisl a gift of type gift_essential worth 10
2017-02-26T23:09:56.105355,Eyuhxm gifted Iquisl a gift of type gift_luxury worth 12
2017-02-26T23:09:56.105431,Eyuhxm gifted Iquisl a gift of type gift_utility worth 13
2017-02-26T23:09:56.105502,*****************
2017-02-26T23:09:56.105972,Vwgvfh gifted Zrbzou a gift of type gift_utility worth 9
2017-02-26T23:09:56.106073,Vwgvfh gifted Zrbzou a gift of type gift_essential worth 10
2017-02-26T23:09:56.106146,Vwgvfh gifted Zrbzou a gift of type gift_luxury worth 12
2017-02-26T23:09:56.106212,*****************
2017-02-26T23:09:56.106570,Cuxtiz gifted Ykurte a gift of type gift_utility worth 9
2017-02-26T23:09:56.106645,*****************
2017-02-26T23:09:56.107131,Lnxmsp gifted Ytjffy a gift of type gift_utility worth 9
2017-02-26T23:09:56.107247,Lnxmsp gifted Ytjffy a gift of type gift_essential worth 10
2017-02-26T23:09:56.107326,Lnxmsp gifted Ytjffy a gift of type gift_luxury worth 12
2017-02-26T23:09:56.107397,Lnxmsp gifted Ytjffy a gift of type gift_utility worth 13
2017-02-26T23:09:56.107484,Lnxmsp gifted Ytjffy a gift of type gift_essential worth 13
2017-02-26T23:09:56.107555,*****************
2017-02-26T23:09:56.107930,*****************
2017-02-26T23:09:56.108309,*****************
2017-02-26T23:09:56.108664,*****************
2017-02-26T23:09:56.109006,Zxthaw gifted Hqfsnc a gift of type gift_utility worth 9
2017-02-26T23:09:56.109079,*****************
2017-02-26T23:09:56.109491,Xvpikn gifted Hniimy a gift of type gift_utility worth 9
2017-02-26T23:09:56.109567,Xvpikn gifted Hniimy a gift of type gift_essential worth 10
2017-02-26T23:09:56.109633,*****************
2017-02-26T23:09:56.109995,Jxyotf gifted Elnjbm a gift of type gift_luxury worth 40
2017-02-26T23:09:56.110067,Jxyotf gifted Elnjbm a gift of type gift_essential worth 17
2017-02-26T23:09:56.110137,Jxyotf gifted Elnjbm a gift of type gift_utility worth 14
2017-02-26T23:09:56.110205,Jxyotf gifted Elnjbm a gift of type gift_essential worth 14
2017-02-26T23:09:56.110273,*****************
2017-02-26T23:09:56.111041,Hpchza gifted Vlqwhz a gift of type gift_utility worth 9
2017-02-26T23:09:56.111142,Hpchza gifted Vlqwhz a gift of type gift_essential worth 10
2017-02-26T23:09:56.111228,Hpchza gifted Vlqwhz a gift of type gift_luxury worth 12
2017-02-26T23:09:56.111352,Hpchza gifted Vlqwhz a gift of type gift_utility worth 13
2017-02-26T23:09:56.111640,*****************
2017-02-26T23:09:56.112037,Rpfnqd gifted Ngiwac a gift of type gift_luxury worth 40
2017-02-26T23:09:56.112112,Rpfnqd gifted Ngiwac a gift of type gift_essential worth 17
2017-02-26T23:09:56.112182,*****************
2017-02-26T23:09:56.113093,Pmipfh gifted Ymspqn a gift of type gift_luxury worth 40
2017-02-26T23:09:56.113188,Pmipfh gifted Ymspqn a gift of type gift_essential worth 17
2017-02-26T23:09:56.113263,Pmipfh gifted Ymspqn a gift of type gift_utility worth 14
2017-02-26T23:09:56.113333,Pmipfh gifted Ymspqn a gift of type gift_essential worth 14
2017-02-26T23:09:56.113402,Pmipfh gifted Ymspqn a gift of type gift_luxury worth 14
2017-02-26T23:09:56.113470,*****************
2017-02-26T23:09:56.113857,Wzbkxr gifted Xoeyml a gift of type gift_utility worth 9
2017-02-26T23:09:56.113931,Wzbkxr gifted Xoeyml a gift of type gift_essential worth 10
2017-02-26T23:09:56.114001,Wzbkxr gifted Xoeyml a gift of type gift_luxury worth 12
2017-02-26T23:09:56.114066,*****************
2017-02-26T23:09:56.114583,Qjashv gifted Ysyusu a gift of type gift_utility worth 9
2017-02-26T23:09:56.114694,Qjashv gifted Ysyusu a gift of type gift_essential worth 10
2017-02-26T23:09:56.114798,*****************
2017-02-26T23:10:25.997866,Wrsktp gifted Htgtsx a gift of type gift_utility worth 9
2017-02-26T23:10:25.998009,Wrsktp gifted Htgtsx a gift of type gift_essential worth 10
2017-02-26T23:10:25.998095,Wrsktp gifted Htgtsx a gift of type gift_luxury worth 12
2017-02-26T23:10:25.998182,Wrsktp gifted Htgtsx a gift of type gift_utility worth 13
2017-02-26T23:10:25.998272,Wrsktp gifted Htgtsx a gift of type gift_essential worth 13
2017-02-26T23:10:25.998376,*****************
2017-02-26T23:10:25.999010,Jcdhdz gifted Vheejo a gift of type gift_essential worth 17
2017-02-26T23:10:25.999150,Jcdhdz gifted Vheejo a gift of type gift_utility worth 14
2017-02-26T23:10:25.999258,*****************
2017-02-26T23:10:25.999851,Jcnuyv gifted Ptotzy a gift of type gift_utility worth 9
2017-02-26T23:10:26.000014,*****************
2017-02-26T23:10:26.000614,Eyuhxm gifted Iquisl a gift of type gift_utility worth 9
2017-02-26T23:10:26.000736,Eyuhxm gifted Iquisl a gift of type gift_essential worth 10
2017-02-26T23:10:26.000852,Eyuhxm gifted Iquisl a gift of type gift_luxury worth 12
2017-02-26T23:10:26.000965,Eyuhxm gifted Iquisl a gift of type gift_utility worth 13
2017-02-26T23:10:26.001079,*****************
2017-02-26T23:10:26.001745,Vwgvfh gifted Zrbzou a gift of type gift_utility worth 9
2017-02-26T23:10:26.001868,Vwgvfh gifted Zrbzou a gift of type gift_essential worth 10
2017-02-26T23:10:26.001985,Vwgvfh gifted Zrbzou a gift of type gift_luxury worth 12
2017-02-26T23:10:26.002072,*****************
2017-02-26T23:10:26.002517,Cuxtiz gifted Ykurte a gift of type gift_utility worth 9
2017-02-26T23:10:26.002608,*****************
2017-02-26T23:10:26.003040,Lnxmsp gifted Ytjffy a gift of type gift_utility worth 9
2017-02-26T23:10:26.003118,Lnxmsp gifted Ytjffy a gift of type gift_essential worth 10
2017-02-26T23:10:26.003192,Lnxmsp gifted Ytjffy a gift of type gift_luxury worth 12
2017-02-26T23:10:26.003263,Lnxmsp gifted Ytjffy a gift of type gift_utility worth 13
2017-02-26T23:10:26.003369,Lnxmsp gifted Ytjffy a gift of type gift_essential worth 13
2017-02-26T23:10:26.003492,*****************
2017-02-26T23:10:26.004026,*****************
2017-02-26T23:10:26.004553,*****************
2017-02-26T23:10:26.005055,*****************
2017-02-26T23:10:26.005535,Zxthaw gifted Hqfsnc a gift of type gift_utility worth 9
2017-02-26T23:10:26.005630,*****************
2017-02-26T23:10:26.006063,Xvpikn gifted Hniimy a gift of type gift_utility worth 9
2017-02-26T23:10:26.006140,Xvpikn gifted Hniimy a gift of type gift_essential worth 10
2017-02-26T23:10:26.006208,*****************
2017-02-26T23:10:26.006565,Jxyotf gifted Elnjbm a gift of type gift_luxury worth 40
2017-02-26T23:10:26.006642,Jxyotf gifted Elnjbm a gift of type gift_essential worth 17
2017-02-26T23:10:26.006713,Jxyotf gifted Elnjbm a gift of type gift_utility worth 14
2017-02-26T23:10:26.006785,Jxyotf gifted Elnjbm a gift of type gift_essential worth 14
2017-02-26T23:10:26.006855,*****************
2017-02-26T23:10:26.007578,Hpchza gifted Vlqwhz a gift of type gift_utility worth 9
2017-02-26T23:10:26.007659,Hpchza gifted Vlqwhz a gift of type gift_essential worth 10
2017-02-26T23:10:26.007732,Hpchza gifted Vlqwhz a gift of type gift_luxury worth 12
2017-02-26T23:10:26.007802,Hpchza gifted Vlqwhz a gift of type gift_utility worth 13
2017-02-26T23:10:26.007870,*****************
2017-02-26T23:10:26.008209,Rpfnqd gifted Ngiwac a gift of type gift_luxury worth 40
2017-02-26T23:10:26.008283,Rpfnqd gifted Ngiwac a gift of type gift_essential worth 17
2017-02-26T23:10:26.008356,*****************
2017-02-26T23:10:26.009238,Pmipfh gifted Ymspqn a gift of type gift_luxury worth 40
2017-02-26T23:10:26.009355,Pmipfh gifted Ymspqn a gift of type gift_essential worth 17
2017-02-26T23:10:26.009432,Pmipfh gifted Ymspqn a gift of type gift_utility worth 14
2017-02-26T23:10:26.009506,Pmipfh gifted Ymspqn a gift of type gift_essential worth 14
2017-02-26T23:10:26.009578,Pmipfh gifted Ymspqn a gift of type gift_luxury worth 14
2017-02-26T23:10:26.009650,*****************
2017-02-26T23:10:26.010037,Wzbkxr gifted Xoeyml a gift of type gift_utility worth 9
2017-02-26T23:10:26.010112,Wzbkxr gifted Xoeyml a gift of type gift_essential worth 10
2017-02-26T23:10:26.010184,Wzbkxr gifted Xoeyml a gift of type gift_luxury worth 12
2017-02-26T23:10:26.010250,*****************
2017-02-26T23:10:26.010608,Qjashv gifted Ysyusu a gift of type gift_utility worth 9
2017-02-26T23:10:26.010684,Qjashv gifted Ysyusu a gift of type gift_essential worth 10
2017-02-26T23:10:26.010757,*****************
2017-02-26T23:11:21.528463,Wrsktp gifted Htgtsx a gift of type gift_utility worth 9
2017-02-26T23:11:21.528603,Wrsktp gifted Htgtsx a gift of type gift_essential worth 10
2017-02-26T23:11:21.528688,Wrsktp gifted Htgtsx a gift of type gift_luxury worth 12
2017-02-26T23:11:21.528862,Wrsktp gifted Htgtsx a gift of type gift_utility worth 13
2017-02-26T23:11:21.528936,Wrsktp gifted Htgtsx a gift of type gift_essential worth 13
2017-02-26T23:11:21.529007,*****************
2017-02-26T23:11:21.529443,Jcdhdz gifted Vheejo a gift of type gift_essential worth 17
2017-02-26T23:11:21.529524,Jcdhdz gifted Vheejo a gift of type gift_utility worth 14
2017-02-26T23:11:21.529606,*****************
2017-02-26T23:11:21.530023,Jcnuyv gifted Ptotzy a gift of type gift_utility worth 9
2017-02-26T23:11:21.530117,*****************
2017-02-26T23:11:21.530518,Eyuhxm gifted Iquisl a gift of type gift_utility worth 9
2017-02-26T23:11:21.530594,Eyuhxm gifted Iquisl a gift of type gift_essential worth 10
2017-02-26T23:11:21.530667,Eyuhxm gifted Iquisl a gift of type gift_luxury worth 12
2017-02-26T23:11:21.530741,Eyuhxm gifted Iquisl a gift of type gift_utility worth 13
2017-02-26T23:11:21.530819,*****************
2017-02-26T23:11:21.531334,Vwgvfh gifted Zrbzou a gift of type gift_utility worth 9
2017-02-26T23:11:21.531468,Vwgvfh gifted Zrbzou a gift of type gift_essential worth 10
2017-02-26T23:11:21.531559,Vwgvfh gifted Zrbzou a gift of type gift_luxury worth 12
2017-02-26T23:11:21.531638,*****************
2017-02-26T23:11:21.532021,Cuxtiz gifted Ykurte a gift of type gift_utility worth 9
2017-02-26T23:11:21.532106,*****************
2017-02-26T23:11:21.532563,Lnxmsp gifted Ytjffy a gift of type gift_utility worth 9
2017-02-26T23:11:21.532649,Lnxmsp gifted Ytjffy a gift of type gift_essential worth 10
2017-02-26T23:11:21.532725,Lnxmsp gifted Ytjffy a gift of type gift_luxury worth 12
2017-02-26T23:11:21.532806,Lnxmsp gifted Ytjffy a gift of type gift_utility worth 13
2017-02-26T23:11:21.532895,Lnxmsp gifted Ytjffy a gift of type gift_essential worth 13
2017-02-26T23:11:21.532977,*****************
2017-02-26T23:11:21.533368,*****************
2017-02-26T23:11:21.533799,*****************
2017-02-26T23:11:21.534184,*****************
2017-02-26T23:11:21.534574,Zxthaw gifted Hqfsnc a gift of type gift_utility worth 9
2017-02-26T23:11:21.534665,*****************
2017-02-26T23:11:21.535120,Xvpikn gifted Hniimy a gift of type gift_utility worth 9
2017-02-26T23:11:21.535203,Xvpikn gifted Hniimy a gift of type gift_essential worth 10
2017-02-26T23:11:21.535271,*****************
2017-02-26T23:11:21.535801,Jxyotf gifted Elnjbm a gift of type gift_luxury worth 40
2017-02-26T23:11:21.535893,Jxyotf gifted Elnjbm a gift of type gift_essential worth 17
2017-02-26T23:11:21.535973,Jxyotf gifted Elnjbm a gift of type gift_utility worth 14
2017-02-26T23:11:21.536063,Jxyotf gifted Elnjbm a gift of type gift_essential worth 14
2017-02-26T23:11:21.536138,*****************
2017-02-26T23:11:21.536967,Hpchza gifted Vlqwhz a gift of type gift_utility worth 9
2017-02-26T23:11:21.537088,Hpchza gifted Vlqwhz a gift of type gift_essential worth 10
2017-02-26T23:11:21.537205,Hpchza gifted Vlqwhz a gift of type gift_luxury worth 12
2017-02-26T23:11:21.537320,Hpchza gifted Vlqwhz a gift of type gift_utility worth 13
2017-02-26T23:11:21.537429,*****************
2017-02-26T23:11:21.537980,Rpfnqd gifted Ngiwac a gift of type gift_luxury worth 40
2017-02-26T23:11:21.538097,Rpfnqd gifted Ngiwac a gift of type gift_essential worth 17
2017-02-26T23:11:21.538212,*****************
2017-02-26T23:11:21.539133,Pmipfh gifted Ymspqn a gift of type gift_luxury worth 40
2017-02-26T23:11:21.539263,Pmipfh gifted Ymspqn a gift of type gift_essential worth 17
2017-02-26T23:11:21.539380,Pmipfh gifted Ymspqn a gift of type gift_utility worth 14
2017-02-26T23:11:21.539513,Pmipfh gifted Ymspqn a gift of type gift_essential worth 14
2017-02-26T23:11:21.539631,Pmipfh gifted Ymspqn a gift of type gift_luxury worth 14
2017-02-26T23:11:21.539736,*****************
2017-02-26T23:11:21.540335,Wzbkxr gifted Xoeyml a gift of type gift_utility worth 9
2017-02-26T23:11:21.540458,Wzbkxr gifted Xoeyml a gift of type gift_essential worth 10
2017-02-26T23:11:21.540574,Wzbkxr gifted Xoeyml a gift of type gift_luxury worth 12
2017-02-26T23:11:21.540717,*****************
2017-02-26T23:11:21.541316,Qjashv gifted Ysyusu a gift of type gift_utility worth 9
2017-02-26T23:11:21.541432,Qjashv gifted Ysyusu a gift of type gift_essential worth 10
2017-02-26T23:11:21.541550,*****************
2017-02-26T23:11:31.108341,Wrsktp gifted Htgtsx a gift of type gift_utility worth 9
2017-02-26T23:11:31.108481,Wrsktp gifted Htgtsx a gift of type gift_essential worth 10
2017-02-26T23:11:31.108566,Wrsktp gifted Htgtsx a gift of type gift_luxury worth 12
2017-02-26T23:11:31.108638,Wrsktp gifted Htgtsx a gift of type gift_utility worth 13
2017-02-26T23:11:31.108712,Wrsktp gifted Htgtsx a gift of type gift_essential worth 13
2017-02-26T23:11:31.108791,*****************
2017-02-26T23:11:31.109194,Jcdhdz gifted Vheejo a gift of type gift_essential worth 17
2017-02-26T23:11:31.109268,Jcdhdz gifted Vheejo a gift of type gift_utility worth 14
2017-02-26T23:11:31.109346,*****************
2017-02-26T23:11:31.109738,Jcnuyv gifted Ptotzy a gift of type gift_utility worth 9
2017-02-26T23:11:31.109826,*****************
2017-02-26T23:11:31.110194,Eyuhxm gifted Iquisl a gift of type gift_utility worth 9
2017-02-26T23:11:31.110269,Eyuhxm gifted Iquisl a gift of type gift_essential worth 10
2017-02-26T23:11:31.110342,Eyuhxm gifted Iquisl a gift of type gift_luxury worth 12
2017-02-26T23:11:31.110413,Eyuhxm gifted Iquisl a gift of type gift_utility worth 13
2017-02-26T23:11:31.110485,*****************
2017-02-26T23:11:31.110864,Vwgvfh gifted Zrbzou a gift of type gift_utility worth 9
2017-02-26T23:11:31.110948,Vwgvfh gifted Zrbzou a gift of type gift_essential worth 10
2017-02-26T23:11:31.111023,Vwgvfh gifted Zrbzou a gift of type gift_luxury worth 12
2017-02-26T23:11:31.111089,*****************
2017-02-26T23:11:31.111480,Cuxtiz gifted Ykurte a gift of type gift_utility worth 9
2017-02-26T23:11:31.111562,*****************
2017-02-26T23:11:31.111931,Lnxmsp gifted Ytjffy a gift of type gift_utility worth 9
2017-02-26T23:11:31.112012,Lnxmsp gifted Ytjffy a gift of type gift_essential worth 10
2017-02-26T23:11:31.112086,Lnxmsp gifted Ytjffy a gift of type gift_luxury worth 12
2017-02-26T23:11:31.112157,Lnxmsp gifted Ytjffy a gift of type gift_utility worth 13
2017-02-26T23:11:31.112228,Lnxmsp gifted Ytjffy a gift of type gift_essential worth 13
2017-02-26T23:11:31.112297,*****************
2017-02-26T23:11:31.112680,*****************
2017-02-26T23:11:31.113054,*****************
2017-02-26T23:11:31.113418,*****************
2017-02-26T23:11:31.113762,Zxthaw gifted Hqfsnc a gift of type gift_utility worth 9
2017-02-26T23:11:31.113837,*****************
2017-02-26T23:11:31.114224,Xvpikn gifted Hniimy a gift of type gift_utility worth 9
2017-02-26T23:11:31.114300,Xvpikn gifted Hniimy a gift of type gift_essential worth 10
2017-02-26T23:11:31.114366,*****************
2017-02-26T23:11:31.114736,Jxyotf gifted Elnjbm a gift of type gift_luxury worth 40
2017-02-26T23:11:31.114812,Jxyotf gifted Elnjbm a gift of type gift_essential worth 17
2017-02-26T23:11:31.114886,Jxyotf gifted Elnjbm a gift of type gift_utility worth 14
2017-02-26T23:11:31.114956,Jxyotf gifted Elnjbm a gift of type gift_essential worth 14
2017-02-26T23:11:31.115025,*****************
2017-02-26T23:11:31.115675,Hpchza gifted Vlqwhz a gift of type gift_utility worth 9
2017-02-26T23:11:31.115781,Hpchza gifted Vlqwhz a gift of type gift_essential worth 10
2017-02-26T23:11:31.115857,Hpchza gifted Vlqwhz a gift of type gift_luxury worth 12
2017-02-26T23:11:31.115928,Hpchza gifted Vlqwhz a gift of type gift_utility worth 13
2017-02-26T23:11:31.115994,*****************
2017-02-26T23:11:31.116355,Rpfnqd gifted Ngiwac a gift of type gift_luxury worth 40
2017-02-26T23:11:31.116433,Rpfnqd gifted Ngiwac a gift of type gift_essential worth 17
2017-02-26T23:11:31.116504,*****************
2017-02-26T23:11:31.117102,Pmipfh gifted Ymspqn a gift of type gift_luxury worth 40
2017-02-26T23:11:31.117181,Pmipfh gifted Ymspqn a gift of type gift_essential worth 17
2017-02-26T23:11:31.117254,Pmipfh gifted Ymspqn a gift of type gift_utility worth 14
2017-02-26T23:11:31.117352,Pmipfh gifted Ymspqn a gift of type gift_essential worth 14
2017-02-26T23:11:31.117425,Pmipfh gifted Ymspqn a gift of type gift_luxury worth 14
2017-02-26T23:11:31.117494,*****************
2017-02-26T23:11:31.117889,Wzbkxr gifted Xoeyml a gift of type gift_utility worth 9
2017-02-26T23:11:31.117965,Wzbkxr gifted Xoeyml a gift of type gift_essential worth 10
2017-02-26T23:11:31.118042,Wzbkxr gifted Xoeyml a gift of type gift_luxury worth 12
2017-02-26T23:11:31.118115,*****************
2017-02-26T23:11:31.118478,Qjashv gifted Ysyusu a gift of type gift_utility worth 9
2017-02-26T23:11:31.118552,Qjashv gifted Ysyusu a gift of type gift_essential worth 10
2017-02-26T23:11:31.118625,*****************
2017-02-26T23:14:24.497507,Wrsktp gifted Htgtsx a gift of type gift_utility worth 9
2017-02-26T23:14:24.497631,Wrsktp gifted Htgtsx a gift of type gift_essential worth 10
2017-02-26T23:14:24.497707,Wrsktp gifted Htgtsx a gift of type gift_luxury worth 12
2017-02-26T23:14:24.497778,Wrsktp gifted Htgtsx a gift of type gift_utility worth 13
2017-02-26T23:14:24.497851,Wrsktp gifted Htgtsx a gift of type gift_essential worth 13
2017-02-26T23:14:24.497921,*****************
2017-02-26T23:14:24.498311,Jcdhdz gifted Vheejo a gift of type gift_essential worth 17
2017-02-26T23:14:24.498385,Jcdhdz gifted Vheejo a gift of type gift_utility worth 14
2017-02-26T23:14:24.498454,*****************
2017-02-26T23:14:24.498814,Jcnuyv gifted Ptotzy a gift of type gift_utility worth 9
2017-02-26T23:14:24.498893,*****************
2017-02-26T23:14:24.499253,Eyuhxm gifted Iquisl a gift of type gift_utility worth 9
2017-02-26T23:14:24.499327,Eyuhxm gifted Iquisl a gift of type gift_essential worth 10
2017-02-26T23:14:24.499400,Eyuhxm gifted Iquisl a gift of type gift_luxury worth 12
2017-02-26T23:14:24.499489,Eyuhxm gifted Iquisl a gift of type gift_utility worth 13
2017-02-26T23:14:24.499561,*****************
2017-02-26T23:14:24.499941,Vwgvfh gifted Zrbzou a gift of type gift_utility worth 9
2017-02-26T23:14:24.500016,Vwgvfh gifted Zrbzou a gift of type gift_essential worth 10
2017-02-26T23:14:24.500089,Vwgvfh gifted Zrbzou a gift of type gift_luxury worth 12
2017-02-26T23:14:24.500155,*****************
2017-02-26T23:14:24.500508,Cuxtiz gifted Ykurte a gift of type gift_utility worth 9
2017-02-26T23:14:24.500583,*****************
2017-02-26T23:14:24.500946,Lnxmsp gifted Ytjffy a gift of type gift_utility worth 9
2017-02-26T23:14:24.501020,Lnxmsp gifted Ytjffy a gift of type gift_essential worth 10
2017-02-26T23:14:24.501092,Lnxmsp gifted Ytjffy a gift of type gift_luxury worth 12
2017-02-26T23:14:24.501163,Lnxmsp gifted Ytjffy a gift of type gift_utility worth 13
2017-02-26T23:14:24.501234,Lnxmsp gifted Ytjffy a gift of type gift_essential worth 13
2017-02-26T23:14:24.501302,*****************
2017-02-26T23:14:24.501668,*****************
2017-02-26T23:14:24.502038,*****************
2017-02-26T23:14:24.502390,*****************
2017-02-26T23:14:24.502726,Zxthaw gifted Hqfsnc a gift of type gift_utility worth 9
2017-02-26T23:14:24.502801,*****************
2017-02-26T23:14:24.503172,Xvpikn gifted Hniimy a gift of type gift_utility worth 9
2017-02-26T23:14:24.503245,Xvpikn gifted Hniimy a gift of type gift_essential worth 10
2017-02-26T23:14:24.503310,*****************
2017-02-26T23:14:24.503675,Jxyotf gifted Elnjbm a gift of type gift_luxury worth 40
2017-02-26T23:14:24.503749,Jxyotf gifted Elnjbm a gift of type gift_essential worth 17
2017-02-26T23:14:24.503820,Jxyotf gifted Elnjbm a gift of type gift_utility worth 14
2017-02-26T23:14:24.503889,Jxyotf gifted Elnjbm a gift of type gift_essential worth 14
2017-02-26T23:14:24.503958,*****************
2017-02-26T23:14:24.504553,Hpchza gifted Vlqwhz a gift of type gift_utility worth 9
2017-02-26T23:14:24.504633,Hpchza gifted Vlqwhz a gift of type gift_essential worth 10
2017-02-26T23:14:24.504705,Hpchza gifted Vlqwhz a gift of type gift_luxury worth 12
2017-02-26T23:14:24.504778,Hpchza gifted Vlqwhz a gift of type gift_utility worth 13
2017-02-26T23:14:24.504872,*****************
2017-02-26T23:14:24.505216,Rpfnqd gifted Ngiwac a gift of type gift_luxury worth 40
2017-02-26T23:14:24.505289,Rpfnqd gifted Ngiwac a gift of type gift_essential worth 17
2017-02-26T23:14:24.505362,*****************
2017-02-26T23:14:24.505948,Pmipfh gifted Ymspqn a gift of type gift_luxury worth 40
2017-02-26T23:14:24.506029,Pmipfh gifted Ymspqn a gift of type gift_essential worth 17
2017-02-26T23:14:24.506102,Pmipfh gifted Ymspqn a gift of type gift_utility worth 14
2017-02-26T23:14:24.506177,Pmipfh gifted Ymspqn a gift of type gift_essential worth 14
2017-02-26T23:14:24.506252,Pmipfh gifted Ymspqn a gift of type gift_luxury worth 14
2017-02-26T23:14:24.506326,*****************
2017-02-26T23:14:24.506806,Wzbkxr gifted Xoeyml a gift of type gift_utility worth 9
2017-02-26T23:14:24.506931,Wzbkxr gifted Xoeyml a gift of type gift_essential worth 10
2017-02-26T23:14:24.507188,Wzbkxr gifted Xoeyml a gift of type gift_luxury worth 12
2017-02-26T23:14:24.507346,*****************
2017-02-26T23:14:24.507839,Qjashv gifted Ysyusu a gift of type gift_utility worth 9
2017-02-26T23:14:24.507927,Qjashv gifted Ysyusu a gift of type gift_essential worth 10
2017-02-26T23:14:24.508005,*****************
2017-02-26T23:16:48.439303,Wrsktp gifted Htgtsx a gift of type gift_utility worth 9
2017-02-26T23:16:48.439467,Wrsktp gifted Htgtsx a gift of type gift_essential worth 10
2017-02-26T23:16:48.439559,Wrsktp gifted Htgtsx a gift of type gift_luxury worth 12
2017-02-26T23:16:48.439632,Wrsktp gifted Htgtsx a gift of type gift_utility worth 13
2017-02-26T23:16:48.439704,Wrsktp gifted Htgtsx a gift of type gift_essential worth 13
2017-02-26T23:16:48.439775,*****************
2017-02-26T23:16:48.440164,Jcdhdz gifted Vheejo a gift of type gift_essential worth 17
2017-02-26T23:16:48.440238,Jcdhdz gifted Vheejo a gift of type gift_utility worth 14
2017-02-26T23:16:48.440309,*****************
2017-02-26T23:16:48.440671,Jcnuyv gifted Ptotzy a gift of type gift_utility worth 9
2017-02-26T23:16:48.440746,*****************
2017-02-26T23:16:48.441104,Eyuhxm gifted Iquisl a gift of type gift_utility worth 9
2017-02-26T23:16:48.441177,Eyuhxm gifted Iquisl a gift of type gift_essential worth 10
2017-02-26T23:16:48.441251,Eyuhxm gifted Iquisl a gift of type gift_luxury worth 12
2017-02-26T23:16:48.441321,Eyuhxm gifted Iquisl a gift of type gift_utility worth 13
2017-02-26T23:16:48.441392,*****************
2017-02-26T23:16:48.441795,Vwgvfh gifted Zrbzou a gift of type gift_utility worth 9
2017-02-26T23:16:48.441871,Vwgvfh gifted Zrbzou a gift of type gift_essential worth 10
2017-02-26T23:16:48.441943,Vwgvfh gifted Zrbzou a gift of type gift_luxury worth 12
2017-02-26T23:16:48.442007,*****************
2017-02-26T23:16:48.442361,Cuxtiz gifted Ykurte a gift of type gift_utility worth 9
2017-02-26T23:16:48.442441,*****************
2017-02-26T23:16:48.442808,Lnxmsp gifted Ytjffy a gift of type gift_utility worth 9
2017-02-26T23:16:48.442883,Lnxmsp gifted Ytjffy a gift of type gift_essential worth 10
2017-02-26T23:16:48.442955,Lnxmsp gifted Ytjffy a gift of type gift_luxury worth 12
2017-02-26T23:16:48.443026,Lnxmsp gifted Ytjffy a gift of type gift_utility worth 13
2017-02-26T23:16:48.443097,Lnxmsp gifted Ytjffy a gift of type gift_essential worth 13
2017-02-26T23:16:48.443165,*****************
2017-02-26T23:16:48.443569,*****************
2017-02-26T23:16:48.443944,*****************
2017-02-26T23:16:48.444298,*****************
2017-02-26T23:16:48.444672,Zxthaw gifted Hqfsnc a gift of type gift_utility worth 9
2017-02-26T23:16:48.444746,*****************
2017-02-26T23:16:48.445117,Xvpikn gifted Hniimy a gift of type gift_utility worth 9
2017-02-26T23:16:48.445190,Xvpikn gifted Hniimy a gift of type gift_essential worth 10
2017-02-26T23:16:48.445256,*****************
2017-02-26T23:16:48.445610,Jxyotf gifted Elnjbm a gift of type gift_luxury worth 40
2017-02-26T23:16:48.445684,Jxyotf gifted Elnjbm a gift of type gift_essential worth 17
2017-02-26T23:16:48.445769,Jxyotf gifted Elnjbm a gift of type gift_utility worth 14
2017-02-26T23:16:48.445841,Jxyotf gifted Elnjbm a gift of type gift_essential worth 14
2017-02-26T23:16:48.445910,*****************
2017-02-26T23:16:48.446527,Hpchza gifted Vlqwhz a gift of type gift_utility worth 9
2017-02-26T23:16:48.446608,Hpchza gifted Vlqwhz a gift of type gift_essential worth 10
2017-02-26T23:16:48.446680,Hpchza gifted Vlqwhz a gift of type gift_luxury worth 12
2017-02-26T23:16:48.446750,Hpchza gifted Vlqwhz a gift of type gift_utility worth 13
2017-02-26T23:16:48.446816,*****************
2017-02-26T23:16:48.447209,Rpfnqd gifted Ngiwac a gift of type gift_luxury worth 40
2017-02-26T23:16:48.447286,Rpfnqd gifted Ngiwac a gift of type gift_essential worth 17
2017-02-26T23:16:48.447358,*****************
2017-02-26T23:16:48.448004,Pmipfh gifted Ymspqn a gift of type gift_luxury worth 40
2017-02-26T23:16:48.448082,Pmipfh gifted Ymspqn a gift of type gift_essential worth 17
2017-02-26T23:16:48.448154,Pmipfh gifted Ymspqn a gift of type gift_utility worth 14
2017-02-26T23:16:48.448224,Pmipfh gifted Ymspqn a gift of type gift_essential worth 14
2017-02-26T23:16:48.448293,Pmipfh gifted Ymspqn a gift of type gift_luxury worth 14
2017-02-26T23:16:48.448361,*****************
2017-02-26T23:16:48.448737,Wzbkxr gifted Xoeyml a gift of type gift_utility worth 9
2017-02-26T23:16:48.448810,Wzbkxr gifted Xoeyml a gift of type gift_essential worth 10
2017-02-26T23:16:48.448881,Wzbkxr gifted Xoeyml a gift of type gift_luxury worth 12
2017-02-26T23:16:48.448948,*****************
2017-02-26T23:16:48.449307,Qjashv gifted Ysyusu a gift of type gift_utility worth 9
2017-02-26T23:16:48.449380,Qjashv gifted Ysyusu a gift of type gift_essential worth 10
2017-02-26T23:16:48.449451,*****************
2017-02-26T23:17:30.396371,Wrsktp gifted Htgtsx a gift of type gift_utility worth 9
2017-02-26T23:17:30.396558,Wrsktp gifted Htgtsx a gift of type gift_essential worth 10
2017-02-26T23:17:30.396693,Wrsktp gifted Htgtsx a gift of type gift_luxury worth 12
2017-02-26T23:17:30.396779,Wrsktp gifted Htgtsx a gift of type gift_utility worth 13
2017-02-26T23:17:30.396853,Wrsktp gifted Htgtsx a gift of type gift_essential worth 13
2017-02-26T23:17:30.396954,*****************
2017-02-26T23:17:30.397389,Jcdhdz gifted Vheejo a gift of type gift_essential worth 17
2017-02-26T23:17:30.397467,Jcdhdz gifted Vheejo a gift of type gift_utility worth 14
2017-02-26T23:17:30.397538,*****************
2017-02-26T23:17:30.397896,Jcnuyv gifted Ptotzy a gift of type gift_utility worth 9
2017-02-26T23:17:30.397973,*****************
2017-02-26T23:17:30.398329,Eyuhxm gifted Iquisl a gift of type gift_utility worth 9
2017-02-26T23:17:30.398404,Eyuhxm gifted Iquisl a gift of type gift_essential worth 10
2017-02-26T23:17:30.398478,Eyuhxm gifted Iquisl a gift of type gift_luxury worth 12
2017-02-26T23:17:30.398551,Eyuhxm gifted Iquisl a gift of type gift_utility worth 13
2017-02-26T23:17:30.398622,*****************
2017-02-26T23:17:30.399051,Vwgvfh gifted Zrbzou a gift of type gift_utility worth 9
2017-02-26T23:17:30.399136,Vwgvfh gifted Zrbzou a gift of type gift_essential worth 10
2017-02-26T23:17:30.399210,Vwgvfh gifted Zrbzou a gift of type gift_luxury worth 12
2017-02-26T23:17:30.399277,*****************
2017-02-26T23:17:30.399680,Cuxtiz gifted Ykurte a gift of type gift_utility worth 9
2017-02-26T23:17:30.399760,*****************
2017-02-26T23:17:30.400122,Lnxmsp gifted Ytjffy a gift of type gift_utility worth 9
2017-02-26T23:17:30.400196,Lnxmsp gifted Ytjffy a gift of type gift_essential worth 10
2017-02-26T23:17:30.400270,Lnxmsp gifted Ytjffy a gift of type gift_luxury worth 12
2017-02-26T23:17:30.400341,Lnxmsp gifted Ytjffy a gift of type gift_utility worth 13
2017-02-26T23:17:30.400414,Lnxmsp gifted Ytjffy a gift of type gift_essential worth 13
2017-02-26T23:17:30.400484,*****************
2017-02-26T23:17:30.400844,*****************
2017-02-26T23:17:30.401207,*****************
2017-02-26T23:17:30.401575,*****************
2017-02-26T23:17:30.402006,Zxthaw gifted Hqfsnc a gift of type gift_utility worth 9
2017-02-26T23:17:30.402082,*****************
2017-02-26T23:17:30.402450,Xvpikn gifted Hniimy a gift of type gift_utility worth 9
2017-02-26T23:17:30.402524,Xvpikn gifted Hniimy a gift of type gift_essential worth 10
2017-02-26T23:17:30.402592,*****************
2017-02-26T23:17:30.402941,Jxyotf gifted Elnjbm a gift of type gift_luxury worth 40
2017-02-26T23:17:30.403016,Jxyotf gifted Elnjbm a gift of type gift_essential worth 17
2017-02-26T23:17:30.403087,Jxyotf gifted Elnjbm a gift of type gift_utility worth 14
2017-02-26T23:17:30.403157,Jxyotf gifted Elnjbm a gift of type gift_essential worth 14
2017-02-26T23:17:30.403226,*****************
2017-02-26T23:17:30.403832,Hpchza gifted Vlqwhz a gift of type gift_utility worth 9
2017-02-26T23:17:30.403912,Hpchza gifted Vlqwhz a gift of type gift_essential worth 10
2017-02-26T23:17:30.403986,Hpchza gifted Vlqwhz a gift of type gift_luxury worth 12
2017-02-26T23:17:30.404058,Hpchza gifted Vlqwhz a gift of type gift_utility worth 13
2017-02-26T23:17:30.404124,*****************
2017-02-26T23:17:30.404458,Rpfnqd gifted Ngiwac a gift of type gift_luxury worth 40
2017-02-26T23:17:30.404532,Rpfnqd gifted Ngiwac a gift of type gift_essential worth 17
2017-02-26T23:17:30.404624,*****************
2017-02-26T23:17:30.405215,Pmipfh gifted Ymspqn a gift of type gift_luxury worth 40
2017-02-26T23:17:30.405296,Pmipfh gifted Ymspqn a gift of type gift_essential worth 17
2017-02-26T23:17:30.405369,Pmipfh gifted Ymspqn a gift of type gift_utility worth 14
2017-02-26T23:17:30.405440,Pmipfh gifted Ymspqn a gift of type gift_essential worth 14
2017-02-26T23:17:30.405511,Pmipfh gifted Ymspqn a gift of type gift_luxury worth 14
2017-02-26T23:17:30.405582,*****************
2017-02-26T23:17:30.405957,Wzbkxr gifted Xoeyml a gift of type gift_utility worth 9
2017-02-26T23:17:30.406034,Wzbkxr gifted Xoeyml a gift of type gift_essential worth 10
2017-02-26T23:17:30.406111,Wzbkxr gifted Xoeyml a gift of type gift_luxury worth 12
2017-02-26T23:17:30.406180,*****************
2017-02-26T23:17:30.406721,Qjashv gifted Ysyusu a gift of type gift_utility worth 9
2017-02-26T23:17:30.406841,Qjashv gifted Ysyusu a gift of type gift_essential worth 10
2017-02-26T23:17:30.406923,*****************
2017-02-26T23:17:49.111932,Hurcet gifted Opcfem a gift of type gift_luxury worth 21
2017-02-26T23:17:49.112066,Hurcet gifted Opcfem a gift of type gift_utility worth 10
2017-02-26T23:17:49.112148,*****************
2017-02-26T23:17:49.112388,Ojbvbj gifted Ceayif a gift of type gift_essential worth 8
2017-02-26T23:17:49.112462,Ojbvbj gifted Ceayif a gift of type gift_essential worth 8
2017-02-26T23:17:49.112534,Ojbvbj gifted Ceayif a gift of type gift_utility worth 10
2017-02-26T23:17:49.112604,Ojbvbj gifted Ceayif a gift of type gift_utility worth 11
2017-02-26T23:17:49.112673,Ojbvbj gifted Ceayif a gift of type gift_essential worth 13
2017-02-26T23:17:49.112738,*****************
2017-02-26T23:17:49.112956,Yixfiu gifted Pcopmy a gift of type gift_essential worth 8
2017-02-26T23:17:49.113024,*****************
2017-02-26T23:17:49.113237,Dcqwcw gifted Rfvmap a gift of type gift_essential worth 8
2017-02-26T23:17:49.113310,Dcqwcw gifted Rfvmap a gift of type gift_essential worth 8
2017-02-26T23:17:49.113381,Dcqwcw gifted Rfvmap a gift of type gift_utility worth 10
2017-02-26T23:17:49.113446,*****************
2017-02-26T23:17:49.113664,Rrmtla gifted Mgrzfj a gift of type gift_essential worth 8
2017-02-26T23:17:49.113736,Rrmtla gifted Mgrzfj a gift of type gift_essential worth 8
2017-02-26T23:17:49.113808,Rrmtla gifted Mgrzfj a gift of type gift_utility worth 10
2017-02-26T23:17:49.113879,Rrmtla gifted Mgrzfj a gift of type gift_utility worth 11
2017-02-26T23:17:49.113945,*****************
2017-02-26T23:17:49.114165,Cakfgi gifted Lshtid a gift of type gift_essential worth 8
2017-02-26T23:17:49.114239,Cakfgi gifted Lshtid a gift of type gift_essential worth 8
2017-02-26T23:17:49.114305,*****************
2017-02-26T23:17:49.114548,Hebprb gifted Vobrjv a gift of type gift_essential worth 8
2017-02-26T23:17:49.114617,*****************
2017-02-26T23:17:49.114915,Fmnhhm gifted Octthe a gift of type gift_luxury worth 38
2017-02-26T23:17:49.114993,Fmnhhm gifted Octthe a gift of type gift_utility worth 18
2017-02-26T23:17:49.115063,*****************
2017-02-26T23:18:16.554025,Hgzifg gifted Vemjxw a gift of type gift_essential worth 5
2017-02-26T23:18:16.554160,Hgzifg gifted Vemjxw a gift of type gift_utility worth 7
2017-02-26T23:18:16.554244,Hgzifg gifted Vemjxw a gift of type gift_essential worth 9
2017-02-26T23:18:16.554316,Hgzifg gifted Vemjxw a gift of type gift_essential worth 15
2017-02-26T23:18:16.554387,*****************
2017-02-26T23:18:16.554646,Immlot gifted Glkzbt a gift of type gift_luxury worth 39
2017-02-26T23:18:16.554721,Immlot gifted Glkzbt a gift of type gift_luxury worth 23
2017-02-26T23:18:16.554790,*****************
2017-02-26T23:18:16.555007,Kjvhxw gifted Fbplvs a gift of type gift_luxury worth 39
2017-02-26T23:18:16.555079,Kjvhxw gifted Fbplvs a gift of type gift_luxury worth 31
2017-02-26T23:18:16.555163,*****************
2017-02-26T23:18:16.555476,Ntftyp gifted Gfnhdv a gift of type gift_luxury worth 39
2017-02-26T23:18:16.555552,Ntftyp gifted Gfnhdv a gift of type gift_luxury worth 23
2017-02-26T23:18:16.555625,Ntftyp gifted Gfnhdv a gift of type gift_utility worth 7
2017-02-26T23:18:16.555707,*****************
2017-02-26T23:18:16.555922,Kzitfo gifted Gwonin a gift of type gift_essential worth 5
2017-02-26T23:18:16.556006,Kzitfo gifted Gwonin a gift of type gift_utility worth 7
2017-02-26T23:18:16.556080,Kzitfo gifted Gwonin a gift of type gift_essential worth 9
2017-02-26T23:18:16.556151,Kzitfo gifted Gwonin a gift of type gift_essential worth 15
2017-02-26T23:18:16.556222,Kzitfo gifted Gwonin a gift of type gift_utility worth 16
2017-02-26T23:18:16.556293,Kzitfo gifted Gwonin a gift of type gift_luxury worth 19
2017-02-26T23:18:16.556362,*****************
2017-02-26T23:18:16.556595,*****************
2017-02-26T23:18:16.556808,Ptyavn gifted Puygfu a gift of type gift_essential worth 5
2017-02-26T23:18:16.556885,Ptyavn gifted Puygfu a gift of type gift_utility worth 7
2017-02-26T23:18:16.556985,Ptyavn gifted Puygfu a gift of type gift_essential worth 9
2017-02-26T23:18:16.557058,Ptyavn gifted Puygfu a gift of type gift_essential worth 15
2017-02-26T23:18:16.557123,*****************
2017-02-26T23:18:16.557350,Gidvsx gifted Yacevk a gift of type gift_essential worth 5
2017-02-26T23:18:16.557435,Gidvsx gifted Yacevk a gift of type gift_utility worth 7
2017-02-26T23:18:16.557509,Gidvsx gifted Yacevk a gift of type gift_essential worth 9
2017-02-26T23:18:16.557581,Gidvsx gifted Yacevk a gift of type gift_essential worth 15
2017-02-26T23:18:16.557651,Gidvsx gifted Yacevk a gift of type gift_utility worth 16
2017-02-26T23:18:16.557715,*****************
2017-02-26T23:18:46.576941,Tnqiqh gifted Zwqdoy a gift of type gift_utility worth 8
2017-02-26T23:18:46.577186,Tnqiqh gifted Zwqdoy a gift of type gift_utility worth 8
2017-02-26T23:18:46.577317,Tnqiqh gifted Zwqdoy a gift of type gift_utility worth 8
2017-02-26T23:18:46.577416,*****************
2017-02-26T23:18:46.578051,Fheolp gifted Vsqarc a gift of type gift_utility worth 8
2017-02-26T23:18:46.578130,Fheolp gifted Vsqarc a gift of type gift_utility worth 8
2017-02-26T23:18:46.578203,Fheolp gifted Vsqarc a gift of type gift_utility worth 8
2017-02-26T23:18:46.578276,Fheolp gifted Vsqarc a gift of type gift_utility worth 9
2017-02-26T23:18:46.578342,*****************
2017-02-26T23:18:46.578986,Vlrciv gifted Xcnajh a gift of type gift_utility worth 8
2017-02-26T23:18:46.579062,Vlrciv gifted Xcnajh a gift of type gift_utility worth 8
2017-02-26T23:18:46.579135,Vlrciv gifted Xcnajh a gift of type gift_utility worth 8
2017-02-26T23:18:46.579207,Vlrciv gifted Xcnajh a gift of type gift_utility worth 9
2017-02-26T23:18:46.579283,Vlrciv gifted Xcnajh a gift of type gift_essential worth 10
2017-02-26T23:19:32.263068,Tnqiqh gifted Zwqdoy a gift of type gift_utility worth 8
2017-02-26T23:19:32.263212,Tnqiqh gifted Zwqdoy a gift of type gift_utility worth 8
2017-02-26T23:19:32.263296,Tnqiqh gifted Zwqdoy a gift of type gift_utility worth 8
2017-02-26T23:19:32.263364,*****************
2017-02-26T23:19:32.264050,Fheolp gifted Vsqarc a gift of type gift_utility worth 8
2017-02-26T23:19:32.264136,Fheolp gifted Vsqarc a gift of type gift_utility worth 8
2017-02-26T23:19:32.264220,Fheolp gifted Vsqarc a gift of type gift_utility worth 8
2017-02-26T23:19:32.264302,Fheolp gifted Vsqarc a gift of type gift_utility worth 9
2017-02-26T23:19:32.264370,*****************
2017-02-26T23:19:32.265064,Vlrciv gifted Xcnajh a gift of type gift_utility worth 8
2017-02-26T23:19:32.265141,Vlrciv gifted Xcnajh a gift of type gift_utility worth 8
2017-02-26T23:19:32.265212,Vlrciv gifted Xcnajh a gift of type gift_utility worth 8
2017-02-26T23:19:32.265284,Vlrciv gifted Xcnajh a gift of type gift_utility worth 9
2017-02-26T23:19:32.265356,Vlrciv gifted Xcnajh a gift of type gift_essential worth 10
2017-02-26T23:19:32.265426,*****************
2017-02-26T23:19:32.266077,Fxoubo gifted Michsm a gift of type gift_essential worth 20
2017-02-26T23:19:32.266161,Fxoubo gifted Michsm a gift of type gift_utility worth 19
2017-02-26T23:19:32.266243,Fxoubo gifted Michsm a gift of type gift_essential worth 10
2017-02-26T23:19:32.266331,*****************
2017-02-26T23:19:32.266964,Bymcfx gifted Rmozcr a gift of type gift_utility worth 8
2017-02-26T23:19:32.267043,*****************
2017-02-26T23:19:32.267709,Fpmxry gifted Mmviam a gift of type gift_essential worth 20
2017-02-26T23:19:32.267792,*****************
2017-02-26T23:19:32.268519,Voutya gifted Jkpfnt a gift of type gift_utility worth 8
2017-02-26T23:19:32.268598,*****************
2017-02-26T23:19:32.269250,Xthdet gifted Yxdsil a gift of type gift_utility worth 8
2017-02-26T23:19:32.269335,Xthdet gifted Yxdsil a gift of type gift_utility worth 8
2017-02-26T23:19:32.269419,Xthdet gifted Yxdsil a gift of type gift_utility worth 8
2017-02-26T23:19:32.269503,*****************
2017-02-26T23:19:32.270184,Jponbg gifted Aryrvi a gift of type gift_utility worth 8
2017-02-26T23:19:32.270264,*****************
2017-02-26T23:19:32.270950,Aajmfn gifted Kqbmiw a gift of type gift_essential worth 20
2017-02-26T23:19:32.271030,*****************
2017-02-26T23:19:59.479137,Osmkai gifted Wuggtc a gift of type gift_utility worth 8
2017-02-26T23:19:59.479278,Osmkai gifted Wuggtc a gift of type gift_utility worth 9
2017-02-26T23:19:59.479364,Osmkai gifted Wuggtc a gift of type gift_essential worth 15
2017-02-26T23:19:59.479459,Osmkai gifted Wuggtc a gift of type gift_essential worth 18
2017-02-26T23:19:59.479530,*****************
2017-02-26T23:19:59.479903,Gnotmn gifted Ywitkj a gift of type gift_utility worth 8
2017-02-26T23:19:59.479987,Gnotmn gifted Ywitkj a gift of type gift_utility worth 9
2017-02-26T23:19:59.480067,Gnotmn gifted Ywitkj a gift of type gift_essential worth 15
2017-02-26T23:19:59.480136,*****************
2017-02-26T23:19:59.480497,Brzsxf gifted Koeqox a gift of type gift_utility worth 8
2017-02-26T23:19:59.480608,Brzsxf gifted Koeqox a gift of type gift_utility worth 9
2017-02-26T23:19:59.480688,Brzsxf gifted Koeqox a gift of type gift_essential worth 15
2017-02-26T23:19:59.480759,*****************
2017-02-26T23:19:59.481159,Enttuv gifted Gfpocn a gift of type gift_essential worth 19
2017-02-26T23:19:59.481235,Enttuv gifted Gfpocn a gift of type gift_essential worth 18
2017-02-26T23:19:59.481307,Enttuv gifted Gfpocn a gift of type gift_essential worth 15
2017-02-26T23:19:59.481379,Enttuv gifted Gfpocn a gift of type gift_utility worth 9
2017-02-26T23:19:59.481450,Enttuv gifted Gfpocn a gift of type gift_utility worth 8
2017-02-26T23:19:59.481515,*****************
2017-02-26T23:19:59.481908,Bihsyc gifted Wycxrb a gift of type gift_utility worth 8
2017-02-26T23:19:59.482003,Bihsyc gifted Wycxrb a gift of type gift_utility worth 9
2017-02-26T23:19:59.482136,Bihsyc gifted Wycxrb a gift of type gift_essential worth 15
2017-02-26T23:19:59.482212,Bihsyc gifted Wycxrb a gift of type gift_essential worth 18
2017-02-26T23:19:59.482288,*****************
2017-02-26T23:19:59.482674,Xpgszk gifted Ysdahj a gift of type gift_utility worth 8
2017-02-26T23:19:59.482752,*****************
2017-02-26T23:19:59.483128,Yccrbw gifted Wzcegh a gift of type gift_essential worth 19
2017-02-26T23:19:59.483207,Yccrbw gifted Wzcegh a gift of type gift_essential worth 18
2017-02-26T23:19:59.483279,Yccrbw gifted Wzcegh a gift of type gift_essential worth 15
2017-02-26T23:19:59.483360,Yccrbw gifted Wzcegh a gift of type gift_utility worth 9
2017-02-26T23:19:59.483464,Yccrbw gifted Wzcegh a gift of type gift_utility worth 8
2017-02-26T23:19:59.483546,*****************
2017-02-26T23:19:59.483923,Urqzcu gifted Hitdsh a gift of type gift_utility worth 8
2017-02-26T23:19:59.483998,Urqzcu gifted Hitdsh a gift of type gift_utility worth 9
2017-02-26T23:19:59.484070,Urqzcu gifted Hitdsh a gift of type gift_essential worth 15
2017-02-26T23:19:59.484143,Urqzcu gifted Hitdsh a gift of type gift_essential worth 18
2017-02-26T23:19:59.484222,Urqzcu gifted Hitdsh a gift of type gift_essential worth 19
2017-02-26T23:19:59.484299,*****************
2017-02-26T23:19:59.484702,Tzylqy gifted Cceqrz a gift of type gift_utility worth 8
2017-02-26T23:19:59.484786,Tzylqy gifted Cceqrz a gift of type gift_utility worth 9
2017-02-26T23:19:59.484862,Tzylqy gifted Cceqrz a gift of type gift_essential worth 15
2017-02-26T23:19:59.484933,Tzylqy gifted Cceqrz a gift of type gift_essential worth 18
2017-02-26T23:19:59.485005,Tzylqy gifted Cceqrz a gift of type gift_essential worth 19
2017-02-26T23:19:59.485072,*****************
2017-02-26T23:19:59.485447,Fxgsso gifted Sfkujo a gift of type gift_utility worth 9
2017-02-26T23:19:59.485526,*****************
2017-02-26T23:21:14.007458,Xtmcqu gifted Vbvipv a gift of type gift_utility worth 7
2017-02-26T23:21:14.007592,*****************
2017-02-26T23:21:14.007974,Gyguzp gifted Rfyevt a gift of type gift_utility worth 5
2017-02-26T23:21:14.008075,Gyguzp gifted Rfyevt a gift of type gift_utility worth 6
2017-02-26T23:21:14.008167,Gyguzp gifted Rfyevt a gift of type gift_essential worth 7
2017-02-26T23:21:14.008245,Gyguzp gifted Rfyevt a gift of type gift_utility worth 7
2017-02-26T23:21:14.008318,Gyguzp gifted Rfyevt a gift of type gift_essential worth 7
2017-02-26T23:21:14.008404,Gyguzp gifted Rfyevt a gift of type gift_utility worth 7
2017-02-26T23:21:14.008492,Gyguzp gifted Rfyevt a gift of type gift_essential worth 8
2017-02-26T23:21:14.008569,Gyguzp gifted Rfyevt a gift of type gift_utility worth 9
2017-02-26T23:21:14.008643,Gyguzp gifted Rfyevt a gift of type gift_essential worth 10
2017-02-26T23:21:14.008716,Gyguzp gifted Rfyevt a gift of type gift_essential worth 10
2017-02-26T23:21:14.008788,Gyguzp gifted Rfyevt a gift of type gift_utility worth 10
2017-02-26T23:21:14.008868,*****************
2017-02-26T23:21:14.009262,Sezpty gifted Weowrc a gift of type gift_utility worth 5
2017-02-26T23:21:14.009341,Sezpty gifted Weowrc a gift of type gift_utility worth 6
2017-02-26T23:21:14.009414,Sezpty gifted Weowrc a gift of type gift_essential worth 7
2017-02-26T23:21:14.009497,Sezpty gifted Weowrc a gift of type gift_utility worth 7
2017-02-26T23:21:14.009581,*****************
2017-02-26T23:21:14.009991,Cfuysj gifted Utveru a gift of type gift_utility worth 5
2017-02-26T23:21:14.010089,Cfuysj gifted Utveru a gift of type gift_utility worth 6
2017-02-26T23:21:14.010165,Cfuysj gifted Utveru a gift of type gift_essential worth 7
2017-02-26T23:21:14.010238,Cfuysj gifted Utveru a gift of type gift_utility worth 7
2017-02-26T23:21:14.010311,Cfuysj gifted Utveru a gift of type gift_essential worth 7
2017-02-26T23:21:14.010384,Cfuysj gifted Utveru a gift of type gift_utility worth 7
2017-02-26T23:21:14.010460,*****************
2017-02-26T23:21:14.011142,Ksrnhh gifted Eliauv a gift of type gift_utility worth 5
2017-02-26T23:21:14.011235,Ksrnhh gifted Eliauv a gift of type gift_utility worth 6
2017-02-26T23:21:14.011344,Ksrnhh gifted Eliauv a gift of type gift_essential worth 7
2017-02-26T23:21:14.011464,Ksrnhh gifted Eliauv a gift of type gift_utility worth 7
2017-02-26T23:21:14.011555,Ksrnhh gifted Eliauv a gift of type gift_essential worth 7
2017-02-26T23:21:14.011631,Ksrnhh gifted Eliauv a gift of type gift_utility worth 7
2017-02-26T23:21:14.011712,Ksrnhh gifted Eliauv a gift of type gift_essential worth 8
2017-02-26T23:21:14.011798,Ksrnhh gifted Eliauv a gift of type gift_utility worth 9
2017-02-26T23:21:14.011882,Ksrnhh gifted Eliauv a gift of type gift_essential worth 10
2017-02-26T23:21:14.011978,Ksrnhh gifted Eliauv a gift of type gift_essential worth 10
2017-02-26T23:21:14.012073,Ksrnhh gifted Eliauv a gift of type gift_utility worth 10
2017-02-26T23:21:14.012163,*****************
2017-02-26T23:21:14.012577,Iavqiz gifted Tkqjrj a gift of type gift_luxury worth 39
2017-02-26T23:21:14.012662,Iavqiz gifted Tkqjrj a gift of type gift_utility worth 20
2017-02-26T23:21:14.012753,*****************
2017-02-26T23:21:14.013210,Vyowdv gifted Pkuyrb a gift of type gift_utility worth 10
2017-02-26T23:21:14.013328,*****************
2017-02-26T23:21:14.013888,Mgwrkd gifted Gxzozq a gift of type gift_utility worth 5
2017-02-26T23:21:14.014002,Mgwrkd gifted Gxzozq a gift of type gift_utility worth 6
2017-02-26T23:21:14.014116,Mgwrkd gifted Gxzozq a gift of type gift_essential worth 7
2017-02-26T23:21:14.014230,Mgwrkd gifted Gxzozq a gift of type gift_utility worth 7
2017-02-26T23:21:14.014345,Mgwrkd gifted Gxzozq a gift of type gift_essential worth 7
2017-02-26T23:21:14.014451,Mgwrkd gifted Gxzozq a gift of type gift_utility worth 7
2017-02-26T23:21:14.014553,*****************
2017-02-26T23:21:14.015072,Arzlci gifted Xnuirl a gift of type gift_utility worth 5
2017-02-26T23:21:14.015186,*****************
2017-02-26T23:21:50.200276,Pbplsu gifted Wdclxt a gift of type gift_utility worth 6
2017-02-26T23:21:50.200447,Pbplsu gifted Wdclxt a gift of type gift_essential worth 8
2017-02-26T23:21:50.200533,Pbplsu gifted Wdclxt a gift of type gift_essential worth 9
2017-02-26T23:21:50.200607,Pbplsu gifted Wdclxt a gift of type gift_luxury worth 10
2017-02-26T23:21:50.200678,Pbplsu gifted Wdclxt a gift of type gift_utility worth 13
2017-02-26T23:21:50.200745,*****************
2017-02-26T23:21:50.201127,Irhbod gifted Rlwdak a gift of type gift_utility worth 6
2017-02-26T23:21:50.201201,*****************
2017-02-26T23:21:50.201570,Kgwtsf gifted Ltauqg a gift of type gift_utility worth 6
2017-02-26T23:21:50.201646,Kgwtsf gifted Ltauqg a gift of type gift_essential worth 8
2017-02-26T23:21:50.201716,Kgwtsf gifted Ltauqg a gift of type gift_essential worth 9
2017-02-26T23:21:50.201787,*****************
2017-02-26T23:21:50.202149,Rmvgkr gifted Wexyng a gift of type gift_utility worth 6
2017-02-26T23:21:50.202223,Rmvgkr gifted Wexyng a gift of type gift_essential worth 8
2017-02-26T23:21:50.202295,Rmvgkr gifted Wexyng a gift of type gift_essential worth 9
2017-02-26T23:21:50.202367,Rmvgkr gifted Wexyng a gift of type gift_luxury worth 10
2017-02-26T23:21:50.202438,Rmvgkr gifted Wexyng a gift of type gift_utility worth 13
2017-02-26T23:21:50.202509,Rmvgkr gifted Wexyng a gift of type gift_utility worth 14
2017-02-26T23:21:50.202579,*****************
2017-02-26T23:21:50.202939,Vishtz gifted Kolxah a gift of type gift_utility worth 20
2017-02-26T23:21:50.203014,Vishtz gifted Kolxah a gift of type gift_luxury worth 20
2017-02-26T23:21:50.203083,*****************
2017-02-26T23:22:41.876970,Pbplsu gifted Wdclxt a gift of type gift_utility worth 6
2017-02-26T23:22:41.877064,Pbplsu gifted Wdclxt a gift of type gift_essential worth 8
2017-02-26T23:22:41.877104,Pbplsu gifted Wdclxt a gift of type gift_essential worth 9
2017-02-26T23:22:41.877140,Pbplsu gifted Wdclxt a gift of type gift_luxury worth 10
2017-02-26T23:22:41.877176,Pbplsu gifted Wdclxt a gift of type gift_utility worth 13
2017-02-26T23:22:41.877207,*****************
2017-02-26T23:22:41.900650,Irhbod gifted Rlwdak a gift of type gift_utility worth 6
2017-02-26T23:22:41.900696,*****************
2017-02-26T23:22:41.900977,Kgwtsf gifted Ltauqg a gift of type gift_utility worth 6
2017-02-26T23:22:41.901022,Kgwtsf gifted Ltauqg a gift of type gift_essential worth 8
2017-02-26T23:22:41.901071,Kgwtsf gifted Ltauqg a gift of type gift_essential worth 9
2017-02-26T23:22:41.901110,*****************
2017-02-26T23:22:41.901373,Rmvgkr gifted Wexyng a gift of type gift_utility worth 6
2017-02-26T23:22:41.901412,Rmvgkr gifted Wexyng a gift of type gift_essential worth 8
2017-02-26T23:22:41.901454,Rmvgkr gifted Wexyng a gift of type gift_essential worth 9
2017-02-26T23:22:41.901502,Rmvgkr gifted Wexyng a gift of type gift_luxury worth 10
2017-02-26T23:22:41.901539,Rmvgkr gifted Wexyng a gift of type gift_utility worth 13
2017-02-26T23:22:41.901575,Rmvgkr gifted Wexyng a gift of type gift_utility worth 14
2017-02-26T23:22:41.901610,*****************
2017-02-26T23:22:41.901906,Vishtz gifted Kolxah a gift of type gift_utility worth 20
2017-02-26T23:22:41.901949,Vishtz gifted Kolxah a gift of type gift_luxury worth 20
2017-02-26T23:22:41.901984,*****************
